<?xml version="1.0" encoding="UTF-8" standalone="no" ?>
<COLLADA xmlns="http://www.collada.org/2005/11/COLLADASchema" version="1.4.1">
    <asset>
        <contributor>
            <authoring_tool>SketchUp 7.1.6860</authoring_tool>
        </contributor>
        <created>2017-12-17T11:40:30Z</created>
        <modified>2017-12-17T11:40:30Z</modified>
        <unit meter="0.0254" name="inch" />
        <up_axis>Z_UP</up_axis>
    </asset>
    <library_cameras>
        <camera id="ID1" name="skp_camera_Last_Saved_SketchUp_View">
            <optics>
                <technique_common>
                    <perspective>
                        <yfov>35</yfov>
                        <aspect_ratio>0</aspect_ratio>
                        <znear>1</znear>
                        <zfar>1000</zfar>
                    </perspective>
                </technique_common>
            </optics>
        </camera>
    </library_cameras>
    <library_visual_scenes>
        <visual_scene id="ID2">
            <node name="SketchUp">
                <node name="skp_camera_Last_Saved_SketchUp_View">
                    <matrix>0.1031921 -0.3210571 0.9414212 472.4442 0.9946615 0.03330838 -0.09766866 90.58528 -3.469447e-17 0.946474 0.3227803 238.6967 0 0 0 1</matrix>
                    <instance_camera url="#ID1" />
                </node>
                <node id="ID3" name="instance_0">
                    <matrix>0.9177546 -0.3971479 -6.284041e-18 82.00274 0.394595 0.9118552 0.1132032 -44.55323 -0.04495842 -0.1038928 0.9935719 103.8003 0 0 0 1</matrix>
                    <instance_node url="#ID4" />
                </node>
                <node id="ID93" name="instance_31">
                    <matrix>1 0 0 136.0503 0 1 0 149.4292 0 0 1 0 0 0 0 1</matrix>
                    <instance_node url="#ID94" />
                </node>
            </node>
        </visual_scene>
    </library_visual_scenes>
    <library_nodes>
        <node id="ID4" name="foliage">
            <node id="ID5" name="instance_1">
                <matrix>1 0 0 41.12088 0 1 0 186.7457 0 0 1 -1.421085e-14 0 0 0 1</matrix>
                <instance_node url="#ID6" />
            </node>
            <node id="ID72" name="instance_10">
                <matrix>0.2113248 0.9774159 -6.938894e-18 82.48355 -0.9774159 0.2113248 0 231.6544 1.46636e-18 6.782185e-18 1 -1.421085e-14 0 0 0 1</matrix>
                <instance_node url="#ID6" />
            </node>
            <node id="ID73" name="instance_11">
                <matrix>-0.8405666 -0.5417082 -6.938894e-18 121.3909 0.5417082 -0.8405666 0 157.6428 -5.832602e-18 -3.758856e-18 1 0 0 0 0 1</matrix>
                <instance_node url="#ID6" />
            </node>
            <node id="ID74" name="instance_12">
                <matrix>-0.8405666 -0.5417082 -6.938894e-18 121.3909 0.5417082 -0.8405666 0 195.3934 -5.832602e-18 -3.758856e-18 1 29.69712 0 0 0 1</matrix>
                <instance_node url="#ID6" />
            </node>
            <node id="ID75" name="instance_13">
                <matrix>0.8813035 -0.4725508 -6.938894e-18 32.02827 0.4725508 0.8813035 0 81.64773 6.115271e-18 -3.27898e-18 1 0 0 0 0 1</matrix>
                <instance_node url="#ID6" />
            </node>
            <node id="ID76" name="instance_14">
                <matrix>-0.2890318 0.9573195 -6.938894e-18 92.44842 -0.9573195 -0.2890318 0 139.4482 -2.005561e-18 6.642738e-18 1 0 0 0 0 1</matrix>
                <instance_node url="#ID6" />
            </node>
            <node id="ID77" name="instance_15">
                <matrix>-0.2890318 0.9573195 -6.938894e-18 56.16024 -0.9573195 -0.2890318 0 129.0427 -2.005561e-18 6.642738e-18 1 29.69712 0 0 0 1</matrix>
                <instance_node url="#ID6" />
            </node>
            <node id="ID78" name="instance_16">
                <matrix>-0.2756374 -0.9612617 -6.938894e-18 86.59833 0.9612617 -0.2756374 0 54.26588 -1.912618e-18 -6.670093e-18 1 -1.421085e-14 0 0 0 1</matrix>
                <instance_node url="#ID6" />
            </node>
            <node id="ID79" name="instance_17">
                <matrix>-0.9995599 0.02966624 -6.938894e-18 212.8127 -0.02966624 -0.9995599 0 137.9725 -6.93584e-18 2.058509e-19 1 1.421085e-14 0 0 0 1</matrix>
                <instance_node url="#ID6" />
            </node>
            <node id="ID80" name="instance_18">
                <matrix>0.6858184 -0.7277728 -6.938894e-18 132.9502 0.7277728 0.6858184 0 113.2042 4.758821e-18 -5.049938e-18 1 -1.421085e-14 0 0 0 1</matrix>
                <instance_node url="#ID6" />
            </node>
            <node id="ID81" name="instance_19">
                <matrix>0.6858184 -0.7277728 -6.938894e-18 170.0686 0.7277728 0.6858184 0 106.3247 4.758821e-18 -5.049938e-18 1 29.69712 0 0 0 1</matrix>
                <instance_node url="#ID6" />
            </node>
            <node id="ID82" name="instance_20">
                <matrix>-0.1822355 0.9832549 -6.938894e-18 176.1938 -0.9832549 -0.1822355 0 186.8265 -1.264513e-18 6.822701e-18 1 -1.421085e-14 0 0 0 1</matrix>
                <instance_node url="#ID6" />
            </node>
            <node id="ID83" name="instance_21">
                <matrix>-0.2890318 0.9573195 -6.938894e-18 46.37304 -0.9573195 -0.2890318 0 260.7964 -2.005561e-18 6.642738e-18 1 53.76671 0 0 0 1</matrix>
                <instance_node url="#ID6" />
            </node>
            <node id="ID84" name="instance_22">
                <matrix>-0.2890318 0.9573195 -6.938894e-18 56.16024 -0.9573195 -0.2890318 0 207.3183 -2.005561e-18 6.642738e-18 1 71.57327 0 0 0 1</matrix>
                <instance_node url="#ID6" />
            </node>
            <node id="ID85" name="instance_23">
                <matrix>-0.8405666 -0.5417082 -6.938894e-18 121.3909 0.5417082 -0.8405666 0 119.2984 -5.832602e-18 -3.758856e-18 1 44.69588 0 0 0 1</matrix>
                <instance_node url="#ID6" />
            </node>
            <node id="ID86" name="instance_24">
                <matrix>0.6858184 -0.7277728 -6.938894e-18 170.0686 0.7277728 0.6858184 0 30.22971 4.758821e-18 -5.049938e-18 1 44.69588 0 0 0 1</matrix>
                <instance_node url="#ID6" />
            </node>
            <node id="ID87" name="instance_25">
                <matrix>-0.2890318 0.9573195 -6.938894e-18 163.1099 -0.9573195 -0.2890318 0 116.7908 -2.005561e-18 6.642738e-18 1 38.93366 0 0 0 1</matrix>
                <instance_node url="#ID6" />
            </node>
            <node id="ID88" name="instance_26">
                <matrix>-0.2890318 0.9573195 -6.938894e-18 61.2699 -0.9573195 -0.2890318 0 237.0711 -2.005561e-18 6.642738e-18 1 56.491 0 0 0 1</matrix>
                <instance_node url="#ID6" />
            </node>
            <node id="ID89" name="instance_27">
                <matrix>-0.9995599 0.02966624 -6.938894e-18 164.4752 -0.02966624 -0.9995599 0 121.7544 -6.93584e-18 2.058509e-19 1 65.29043 0 0 0 1</matrix>
                <instance_node url="#ID6" />
            </node>
            <node id="ID90" name="instance_28">
                <matrix>-0.3894056 -0.6988144 -0.6000181 240.9066 0.9186262 -0.2472718 -0.3081926 110.849 0.06700186 -0.6712043 0.7382382 100.6627 0 0 0 1</matrix>
                <instance_node url="#ID6" />
            </node>
            <node id="ID91" name="instance_29">
                <matrix>-0.9995599 0.02966624 -6.938894e-18 210.2209 -0.02966624 -0.9995599 0 248.3059 -6.93584e-18 2.058509e-19 1 80.59323 0 0 0 1</matrix>
                <instance_node url="#ID6" />
            </node>
            <node id="ID92" name="instance_30">
                <matrix>0.8490325 -0.4930664 0.1898137 100.7903 0.5243726 0.7424492 -0.4168964 88.53247 0.06463064 0.4534917 0.888914 59.58823 0 0 0 1</matrix>
                <instance_node url="#ID6" />
            </node>
        </node>
        <node id="ID6" name="branches_1">
            <instance_geometry url="#ID68">
                <bind_material>
                    <technique_common>
                        <instance_material symbol="Material2" target="#ID45">
                            <bind_vertex_input semantic="UVSET0" input_semantic="TEXCOORD" input_set="0" />
                        </instance_material>
                    </technique_common>
                </bind_material>
            </instance_geometry>
            <node id="ID7" name="group_0">
                <matrix>0.118404 0.9929655 0 -0.7427945 -0.9929655 0.118404 0 73.54607 0 -0 1 28.93008 0 0 0 1</matrix>
                <node id="ID8" name="instance_2">
                    <matrix>1 0 0 33.05424 0 1 0 15.19192 0 0 1 4.794177 0 0 0 1</matrix>
                    <instance_node url="#ID9" />
                </node>
                <node id="ID50" name="instance_8">
                    <matrix>0.3939419 -0.9191353 0 36.92635 0.9191353 0.3939419 0 39.46681 -0 0 1 7.970819 0 0 0 1</matrix>
                    <instance_node url="#ID9" />
                </node>
                <node id="ID51" name="instance_9">
                    <matrix>-0.1081086 -0.8650244 0.4899442 28.33814 0.9844283 -0.02443355 0.1740802 12.36962 -0.1386125 0.5011345 0.854196 6.587351 0 0 0 1</matrix>
                    <instance_node url="#ID9" />
                </node>
            </node>
            <node id="ID52" name="group_1">
                <matrix>-0.5764323 -0.8171449 0 82.37511 0.8171449 -0.5764323 0 25.42605 0 0 1 18.3201 0 0 0 1</matrix>
                <node id="ID53" name="instance_2">
                    <matrix>1 0 0 33.05424 0 1 0 15.19192 0 0 1 4.794177 0 0 0 1</matrix>
                    <instance_node url="#ID9" />
                </node>
                <node id="ID54" name="instance_8">
                    <matrix>0.3939419 -0.9191353 0 36.92635 0.9191353 0.3939419 0 39.46681 -0 0 1 7.970819 0 0 0 1</matrix>
                    <instance_node url="#ID9" />
                </node>
                <node id="ID55" name="instance_9">
                    <matrix>-0.1081086 -0.8650244 0.4899442 28.33814 0.9844283 -0.02443355 0.1740802 12.36962 -0.1386125 0.5011345 0.854196 6.587351 0 0 0 1</matrix>
                    <instance_node url="#ID9" />
                </node>
            </node>
            <node id="ID56" name="group_2">
                <matrix>-0.9128342 -0.4083305 0 111.7048 0.4083305 -0.9128342 0 50.89074 0 0 1 18.80664 0 0 0 1</matrix>
                <node id="ID57" name="instance_2">
                    <matrix>1 0 0 33.05424 0 1 0 15.19192 0 0 1 4.794177 0 0 0 1</matrix>
                    <instance_node url="#ID9" />
                </node>
                <node id="ID58" name="instance_8">
                    <matrix>0.3939419 -0.9191353 0 36.92635 0.9191353 0.3939419 0 39.46681 -0 0 1 7.970819 0 0 0 1</matrix>
                    <instance_node url="#ID9" />
                </node>
                <node id="ID59" name="instance_9">
                    <matrix>-0.1081086 -0.8650244 0.4899442 28.33814 0.9844283 -0.02443355 0.1740802 12.36962 -0.1386125 0.5011345 0.854196 6.587351 0 0 0 1</matrix>
                    <instance_node url="#ID9" />
                </node>
            </node>
            <node id="ID60" name="group_3">
                <matrix>0.7431448 -0.6691306 0 48.24939 0.6691306 0.7431448 0 13.22121 -0 0 1 18.80664 0 0 0 1</matrix>
                <node id="ID61" name="instance_2">
                    <matrix>1 0 0 33.05424 0 1 0 15.19192 0 0 1 4.794177 0 0 0 1</matrix>
                    <instance_node url="#ID9" />
                </node>
                <node id="ID62" name="instance_8">
                    <matrix>0.3939419 -0.9191353 0 36.92635 0.9191353 0.3939419 0 39.46681 -0 0 1 7.970819 0 0 0 1</matrix>
                    <instance_node url="#ID9" />
                </node>
                <node id="ID63" name="instance_9">
                    <matrix>-0.1081086 -0.8650244 0.4899442 28.33814 0.9844283 -0.02443355 0.1740802 12.36962 -0.1386125 0.5011345 0.854196 6.587351 0 0 0 1</matrix>
                    <instance_node url="#ID9" />
                </node>
            </node>
            <node id="ID64" name="group_4">
                <matrix>-0.5764323 -0.8171449 0 93.51333 0.8171449 -0.5764323 0 33.28321 0 0 1 1.421085e-14 0 0 0 1</matrix>
                <node id="ID65" name="instance_2">
                    <matrix>1 0 0 33.05424 0 1 0 15.19192 0 0 1 4.794177 0 0 0 1</matrix>
                    <instance_node url="#ID9" />
                </node>
                <node id="ID66" name="instance_8">
                    <matrix>0.3939419 -0.9191353 0 36.92635 0.9191353 0.3939419 0 39.46681 -0 0 1 7.970819 0 0 0 1</matrix>
                    <instance_node url="#ID9" />
                </node>
                <node id="ID67" name="instance_9">
                    <matrix>-0.1081086 -0.8650244 0.4899442 28.33814 0.9844283 -0.02443355 0.1740802 12.36962 -0.1386125 0.5011345 0.854196 6.587351 0 0 0 1</matrix>
                    <instance_node url="#ID9" />
                </node>
            </node>
        </node>
        <node id="ID9" name="branches">
            <instance_geometry url="#ID44">
                <bind_material>
                    <technique_common>
                        <instance_material symbol="Material2" target="#ID45">
                            <bind_vertex_input semantic="UVSET0" input_semantic="TEXCOORD" input_set="0" />
                        </instance_material>
                    </technique_common>
                </bind_material>
            </instance_geometry>
            <node id="ID10" name="instance_3">
                <matrix>0.8061225 -0.5917486 0 8.912811 0.5783845 0.787917 -0.2113248 13.27224 0.1250512 0.1703537 0.9774159 1.735708 0 0 0 1</matrix>
                <instance_node url="#ID11" />
            </node>
            <node id="ID40" name="instance_4">
                <matrix>0.6277076 0.7784492 0 5.104358 -0.7608686 0.6135314 -0.2113248 10.53972 -0.1645056 0.1326502 0.9774159 1.144916 0 0 0 1</matrix>
                <instance_node url="#ID11" />
            </node>
            <node id="ID41" name="instance_5">
                <matrix>0.5721596 -0.8167424 0.07460067 3.830874 0.7998633 0.5758013 0.1693268 24.29257 -0.1812515 -0.03721162 0.9827325 2.492128 0 0 0 1</matrix>
                <instance_node url="#ID11" />
            </node>
            <node id="ID42" name="instance_6">
                <matrix>-0.171822 -0.9398983 -0.2950736 -4.875329 0.8615468 -0.2886185 0.417656 22.87622 -0.4777179 -0.1824572 0.8593573 0.3322806 0 0 0 1</matrix>
                <instance_node url="#ID11" />
            </node>
            <node id="ID43" name="instance_7">
                <matrix>-0.7515454 -0.6595402 -0.01364686 -4.553538 0.6468701 -0.7327352 -0.2113248 10.37011 0.1293777 -0.1676479 0.9773206 2.233147 0 0 0 1</matrix>
                <instance_node url="#ID11" />
            </node>
        </node>
        <node id="ID11" name="DAHON">
            <instance_geometry url="#ID12">
                <bind_material>
                    <technique_common>
                        <instance_material symbol="Material2" target="#ID13">
                            <bind_vertex_input semantic="UVSET0" input_semantic="TEXCOORD" input_set="0" />
                        </instance_material>
                        <instance_material symbol="Material3" target="#ID18">
                            <bind_vertex_input semantic="UVSET0" input_semantic="TEXCOORD" input_set="0" />
                        </instance_material>
                    </technique_common>
                </bind_material>
            </instance_geometry>
            <instance_geometry url="#ID22">
                <bind_material>
                    <technique_common>
                        <instance_material symbol="Material2" target="#ID13">
                            <bind_vertex_input semantic="UVSET0" input_semantic="TEXCOORD" input_set="0" />
                        </instance_material>
                        <instance_material symbol="Material3" target="#ID18">
                            <bind_vertex_input semantic="UVSET0" input_semantic="TEXCOORD" input_set="0" />
                        </instance_material>
                    </technique_common>
                </bind_material>
            </instance_geometry>
            <instance_geometry url="#ID28">
                <bind_material>
                    <technique_common>
                        <instance_material symbol="Material2" target="#ID13">
                            <bind_vertex_input semantic="UVSET0" input_semantic="TEXCOORD" input_set="0" />
                        </instance_material>
                        <instance_material symbol="Material3" target="#ID18">
                            <bind_vertex_input semantic="UVSET0" input_semantic="TEXCOORD" input_set="0" />
                        </instance_material>
                    </technique_common>
                </bind_material>
            </instance_geometry>
            <instance_geometry url="#ID34">
                <bind_material>
                    <technique_common>
                        <instance_material symbol="Material2" target="#ID35">
                            <bind_vertex_input semantic="UVSET0" input_semantic="TEXCOORD" input_set="0" />
                        </instance_material>
                    </technique_common>
                </bind_material>
            </instance_geometry>
        </node>
        <node id="ID94" name="trunk_w_branch">
            <instance_geometry url="#ID95">
                <bind_material>
                    <technique_common>
                        <instance_material symbol="Material2" target="#ID96">
                            <bind_vertex_input semantic="UVSET0" input_semantic="TEXCOORD" input_set="0" />
                        </instance_material>
                    </technique_common>
                </bind_material>
            </instance_geometry>
            <instance_geometry url="#ID108">
                <bind_material>
                    <technique_common>
                        <instance_material symbol="Material2" target="#ID96">
                            <bind_vertex_input semantic="UVSET0" input_semantic="TEXCOORD" input_set="0" />
                        </instance_material>
                    </technique_common>
                </bind_material>
            </instance_geometry>
            <instance_geometry url="#ID116">
                <bind_material>
                    <technique_common>
                        <instance_material symbol="Material2" target="#ID117">
                            <bind_vertex_input semantic="UVSET0" input_semantic="TEXCOORD" input_set="0" />
                        </instance_material>
                    </technique_common>
                </bind_material>
            </instance_geometry>
        </node>
    </library_nodes>
    <library_geometries>
        <geometry id="ID12">
            <mesh>
                <source id="ID15">
                    <float_array id="ID20" count="36">9.353591 1.776357e-15 -0.7657809 5.845025 -1.354616 0.3674552 5.845025 1.794991 0.3674552 5.845025 1.794991 0.3674552 5.845025 -1.354616 0.3674552 9.353591 1.776357e-15 -0.7657809 5.845025 -1.354616 0.3674552 2.341454 4.773959e-15 0.3124167 5.845025 1.794991 0.3674552 5.845025 1.794991 0.3674552 2.341454 4.773959e-15 0.3124167 5.845025 -1.354616 0.3674552</float_array>
                    <technique_common>
                        <accessor count="12" source="#ID20" stride="3">
                            <param name="X" type="float" />
                            <param name="Y" type="float" />
                            <param name="Z" type="float" />
                        </accessor>
                    </technique_common>
                </source>
                <source id="ID16">
                    <float_array id="ID21" count="36">-0.3073566 -1.082467e-15 -0.9515944 -0.3073566 -1.082467e-15 -0.9515944 -0.3073566 -1.082467e-15 -0.9515944 0.3073566 1.082467e-15 0.9515944 0.3073566 1.082467e-15 0.9515944 0.3073566 1.082467e-15 0.9515944 0.01570732 4.293441e-17 -0.9998766 0.01570732 4.293441e-17 -0.9998766 0.01570732 4.293441e-17 -0.9998766 -0.01570732 -4.293441e-17 0.9998766 -0.01570732 -4.293441e-17 0.9998766 -0.01570732 -4.293441e-17 0.9998766</float_array>
                    <technique_common>
                        <accessor count="12" source="#ID21" stride="3">
                            <param name="X" type="float" />
                            <param name="Y" type="float" />
                            <param name="Z" type="float" />
                        </accessor>
                    </technique_common>
                </source>
                <vertices id="ID17">
                    <input semantic="POSITION" source="#ID15" />
                    <input semantic="NORMAL" source="#ID16" />
                </vertices>
                <triangles count="2" material="Material2">
                    <input offset="0" semantic="VERTEX" source="#ID17" />
                    <p>0 1 2 6 7 8</p>
                </triangles>
                <triangles count="2" material="Material3">
                    <input offset="0" semantic="VERTEX" source="#ID17" />
                    <p>3 4 5 9 10 11</p>
                </triangles>
            </mesh>
        </geometry>
        <geometry id="ID22">
            <mesh>
                <source id="ID23">
                    <float_array id="ID26" count="36">5.188808 -2.66548 -0.2240717 4.647512 -6.230028 -2.17785 2.214395 -3.676571 -0.4489647 2.214395 -3.676571 -0.4489647 4.647512 -6.230028 -2.17785 5.188808 -2.66548 -0.2240717 5.188808 -2.66548 -0.2240717 2.214395 -3.676571 -0.4489647 2.341454 4.773959e-15 0.3124167 2.341454 4.773959e-15 0.3124167 2.214395 -3.676571 -0.4489647 5.188808 -2.66548 -0.2240717</float_array>
                    <technique_common>
                        <accessor count="12" source="#ID26" stride="3">
                            <param name="X" type="float" />
                            <param name="Y" type="float" />
                            <param name="Z" type="float" />
                        </accessor>
                    </technique_common>
                </source>
                <source id="ID24">
                    <float_array id="ID27" count="36">-0.1010793 0.4899463 -0.8658727 -0.1010793 0.4899463 -0.8658727 -0.1010793 0.4899463 -0.8658727 0.1010793 -0.4899463 0.8658727 0.1010793 -0.4899463 0.8658727 0.1010793 -0.4899463 0.8658727 0.005165613 0.2026134 -0.9792452 0.005165613 0.2026134 -0.9792452 0.005165613 0.2026134 -0.9792452 -0.005165613 -0.2026134 0.9792452 -0.005165613 -0.2026134 0.9792452 -0.005165613 -0.2026134 0.9792452</float_array>
                    <technique_common>
                        <accessor count="12" source="#ID27" stride="3">
                            <param name="X" type="float" />
                            <param name="Y" type="float" />
                            <param name="Z" type="float" />
                        </accessor>
                    </technique_common>
                </source>
                <vertices id="ID25">
                    <input semantic="POSITION" source="#ID23" />
                    <input semantic="NORMAL" source="#ID24" />
                </vertices>
                <triangles count="2" material="Material2">
                    <input offset="0" semantic="VERTEX" source="#ID25" />
                    <p>0 1 2 6 7 8</p>
                </triangles>
                <triangles count="2" material="Material3">
                    <input offset="0" semantic="VERTEX" source="#ID25" />
                    <p>3 4 5 9 10 11</p>
                </triangles>
            </mesh>
        </geometry>
        <geometry id="ID28">
            <mesh>
                <source id="ID29">
                    <float_array id="ID32" count="36">4.777922 2.834496 -0.06478077 1.805321 3.863555 -0.221935 4.659066 6.379441 -1.752527 4.659066 6.379441 -1.752527 1.805321 3.863555 -0.221935 4.777922 2.834496 -0.06478077 4.777922 2.834496 -0.06478077 2.341454 4.773959e-15 0.3124167 1.805321 3.863555 -0.221935 1.805321 3.863555 -0.221935 2.341454 4.773959e-15 0.3124167 4.777922 2.834496 -0.06478077</float_array>
                    <technique_common>
                        <accessor count="12" source="#ID32" stride="3">
                            <param name="X" type="float" />
                            <param name="Y" type="float" />
                            <param name="Z" type="float" />
                        </accessor>
                    </technique_common>
                </source>
                <source id="ID30">
                    <float_array id="ID33" count="36">-0.1015858 -0.4304173 -0.8968953 -0.1015858 -0.4304173 -0.8968953 -0.1015858 -0.4304173 -0.8968953 0.1015858 0.4304173 0.8968953 0.1015858 0.4304173 0.8968953 0.1015858 0.4304173 0.8968953 0.005191494 -0.1362928 -0.990655 0.005191494 -0.1362928 -0.990655 0.005191494 -0.1362928 -0.990655 -0.005191494 0.1362928 0.990655 -0.005191494 0.1362928 0.990655 -0.005191494 0.1362928 0.990655</float_array>
                    <technique_common>
                        <accessor count="12" source="#ID33" stride="3">
                            <param name="X" type="float" />
                            <param name="Y" type="float" />
                            <param name="Z" type="float" />
                        </accessor>
                    </technique_common>
                </source>
                <vertices id="ID31">
                    <input semantic="POSITION" source="#ID29" />
                    <input semantic="NORMAL" source="#ID30" />
                </vertices>
                <triangles count="2" material="Material2">
                    <input offset="0" semantic="VERTEX" source="#ID31" />
                    <p>0 1 2 6 7 8</p>
                </triangles>
                <triangles count="2" material="Material3">
                    <input offset="0" semantic="VERTEX" source="#ID31" />
                    <p>3 4 5 9 10 11</p>
                </triangles>
            </mesh>
        </geometry>
        <geometry id="ID34">
            <mesh>
                <source id="ID37">
                    <float_array id="ID39" count="6">2.341454 4.773959e-15 0.3124167 0 0 0</float_array>
                    <technique_common>
                        <accessor count="2" source="#ID39" stride="3">
                            <param name="X" type="float" />
                            <param name="Y" type="float" />
                            <param name="Z" type="float" />
                        </accessor>
                    </technique_common>
                </source>
                <vertices id="ID38">
                    <input semantic="POSITION" source="#ID37" />
                </vertices>
                <lines count="1" material="Material2">
                    <input offset="0" semantic="VERTEX" source="#ID38" />
                    <p>1 0</p>
                </lines>
            </mesh>
        </geometry>
        <geometry id="ID44">
            <mesh>
                <source id="ID47">
                    <float_array id="ID49" count="27">0.8639366 5.244275 0 0 0.0448655 -0.6845152 -4.553538 10.37011 2.233147 1.295905 7.807194 0.5541227 1.727873 10.37011 1.108245 -1.558909 16.68047 0.9800381 3.830874 24.29257 2.492128 -4.875329 22.87622 0.3322806 8.912811 13.27224 1.735708</float_array>
                    <technique_common>
                        <accessor count="9" source="#ID49" stride="3">
                            <param name="X" type="float" />
                            <param name="Y" type="float" />
                            <param name="Z" type="float" />
                        </accessor>
                    </technique_common>
                </source>
                <vertices id="ID48">
                    <input semantic="POSITION" source="#ID47" />
                </vertices>
                <lines count="8" material="Material2">
                    <input offset="0" semantic="VERTEX" source="#ID48" />
                    <p>1 0 0 2 0 3 3 4 4 5 5 6 5 7 3 8</p>
                </lines>
            </mesh>
        </geometry>
        <geometry id="ID68">
            <mesh>
                <source id="ID69">
                    <float_array id="ID71" count="9">50.87092 43.65318 22.42976 55.52282 46.93473 14.77834 22.64742 23.74369 19.71516</float_array>
                    <technique_common>
                        <accessor count="3" source="#ID71" stride="3">
                            <param name="X" type="float" />
                            <param name="Y" type="float" />
                            <param name="Z" type="float" />
                        </accessor>
                    </technique_common>
                </source>
                <vertices id="ID70">
                    <input semantic="POSITION" source="#ID69" />
                </vertices>
                <lines count="2" material="Material2">
                    <input offset="0" semantic="VERTEX" source="#ID70" />
                    <p>1 0 0 2</p>
                </lines>
            </mesh>
        </geometry>
        <geometry id="ID95">
            <mesh>
                <source id="ID101">
                    <float_array id="ID105" count="15">-4.62823 -6.370213 0 0 7.874016 0 -7.488634 2.433205 0 4.62823 -6.370213 0 7.488634 2.433205 0</float_array>
                    <technique_common>
                        <accessor count="5" source="#ID105" stride="3">
                            <param name="X" type="float" />
                            <param name="Y" type="float" />
                            <param name="Z" type="float" />
                        </accessor>
                    </technique_common>
                </source>
                <source id="ID102">
                    <float_array id="ID106" count="15">0.3361344 0.9358152 0.1061301 0.2716616 -0.9535229 0.130361 0.9923453 -0.03475691 0.1185018 -0.5760799 0.7906521 0.2073675 -0.9485941 -0.3030962 0.09111457</float_array>
                    <technique_common>
                        <accessor count="5" source="#ID106" stride="3">
                            <param name="X" type="float" />
                            <param name="Y" type="float" />
                            <param name="Z" type="float" />
                        </accessor>
                    </technique_common>
                </source>
                <source id="ID104">
                    <float_array id="ID107" count="10">-0.3856859 -0.530851 0 0.656168 -0.6240528 0.2027671 0.3856859 -0.530851 0.6240528 0.2027671</float_array>
                    <technique_common>
                        <accessor count="5" source="#ID107" stride="2">
                            <param name="S" type="float" />
                            <param name="T" type="float" />
                        </accessor>
                    </technique_common>
                </source>
                <vertices id="ID103">
                    <input semantic="POSITION" source="#ID101" />
                    <input semantic="NORMAL" source="#ID102" />
                </vertices>
                <triangles count="3" material="Material2">
                    <input offset="0" semantic="VERTEX" source="#ID103" />
                    <input offset="1" semantic="TEXCOORD" source="#ID104" />
                    <p>0 0 1 1 2 2 1 1 0 0 3 3 1 1 3 3 4 4</p>
                </triangles>
            </mesh>
        </geometry>
        <geometry id="ID108">
            <mesh>
                <source id="ID109">
                    <float_array id="ID113" count="408">-4.118286 -5.129226 38.10159 0.2362096 7.46233 40.14832 -6.553487 2.644594 39.84514 4.176447 -5.115976 37.32719 6.867674 2.666034 38.59214 0.2362096 7.46233 40.14832 0 7.874016 0 -6.553487 2.644594 39.84514 -7.488634 2.433205 0 -4.118286 -5.129226 38.10159 -4.62823 -6.370213 0 4.176447 -5.115976 37.32719 6.867674 2.666034 38.59214 7.488634 2.433205 0 3.094879 0.6105145 71.39241 0.2362096 7.46233 40.14832 -6.553487 2.644594 39.84514 -4.118286 -5.129226 38.10159 -2.929022 -3.052307 69.12682 4.62823 -6.370213 0 6.64927 -9.844747 66.74293 4.176447 -5.115976 37.32719 6.867674 2.666034 38.59214 9.014589 -3.587444 69.91908 -0.7322872 -9.514014 66.25329 -0.7322872 -9.514014 66.25329 3.094879 0.6105145 71.39241 -2.929022 -3.052307 69.12682 6.64927 -9.844747 66.74293 9.014589 -3.587444 69.91908 -1.72783 -7.751963 82.15664 3.094879 0.6105145 71.39241 -2.929022 -3.052307 69.12682 1.881421 -6.207572 85.02021 -0.6488336 -7.290263 83.01272 7.137832 -11.44256 86.28122 9.014589 -3.587444 69.91908 5.261075 -19.29768 102.6434 -1.810292 -16.5645 82.11666 -2.888296 -23.61499 97.98003 -0.7322872 -9.514014 66.25329 6.64927 -9.844747 66.74293 3.329031 -24.34853 99.24493 4.989151 -17.09664 82.99393 -3.777849 -9.888532 83.41348 -2.348354 -8.019654 81.66036 -3.520084 -11.56664 87.75839 -4.798773 -18.11078 100.5967 -0.9014975 -10.98498 91.12021 0.2378156 -15.44254 103.4788 -1.90315 -7.142273 83.2679 -1.72783 -7.751963 82.15664 -2.348354 -8.019654 81.66036 -0.6488336 -7.290263 83.01272 1.881421 -6.207572 85.02021 -0.9014975 -10.98498 91.12021 -0.6488336 -7.290263 83.01272 -1.72783 -7.751963 82.15664 1.666347 -7.416012 87.43561 1.109217 -10.54637 93.69248 2.943052 -12.26315 93.92352 1.102881 -10.58197 93.76364 2.035092 -11.36075 93.71834 1.109217 -10.54637 93.69248 -3.520084 -11.56664 87.75839 -2.348354 -8.019654 81.66036 -0.9014975 -10.98498 91.12021 4.655234 3.139351 112.9483 -3.520084 -11.56664 87.75839 1.109217 -10.54637 93.69248 2.035092 -11.36075 93.71834 -2.888296 -23.61499 97.98003 0.2378156 -15.44254 103.4788 -4.798773 -18.11078 100.5967 3.329031 -24.34853 99.24493 5.261075 -19.29768 102.6434 -10.66263 -33.98557 127.8232 0.2378156 -15.44254 103.4788 -4.798773 -18.11078 100.5967 10.99547 6.855215 110.5642 -1.72783 -7.751963 82.15664 1.881421 -6.207572 85.02021 -2.348354 -8.019654 81.66036 -0.6488336 -7.290263 83.01272 2.035092 -11.36075 93.71834 -3.520084 -11.56664 87.75839 1.188065 -16.04827 87.50178 -0.9014975 -10.98498 91.12021 1.109217 -10.54637 93.69248 2.035092 -11.36075 93.71834 2.943052 -12.26315 93.92352 2.943052 -12.26315 93.92352 -3.409745 -34.6574 128.8775 5.261075 -19.29768 102.6434 3.329031 -24.34853 99.24493 -9.449541 -38.19719 126.6064 -2.888296 -23.61499 97.98003 2.943052 -12.26315 93.92352 -6.929826 -31.79786 129.2269 4.565082 -7.341365 82.98199 -1.790343 -6.919591 83.67493 -4.967014 -38.6124 127.258 8.350416 0.1375682 113.315 -9.449541 -38.19719 126.6064 -6.929826 -31.79786 129.2269 -10.66263 -33.98557 127.8232 -4.967014 -38.6124 127.258 -3.409745 -34.6574 128.8775 -13.83931 -43.19029 153.6003 -6.929826 -31.79786 129.2269 -10.66263 -33.98557 127.8232 -11.52245 -41.83243 154.4715 12.2689 2.434098 111.8416 6.289967 7.291085 111.2482 -9.337623 -43.60728 154.2547 -3.409745 -34.6574 128.8775 -4.967014 -38.6124 127.258 -10.30418 -46.06205 153.2495 -13.08638 -45.80434 152.8451 -9.449541 -38.19719 126.6064 8.350416 0.1375682 113.315 6.289967 7.291085 111.2482 4.655234 3.139351 112.9483 10.99547 6.855215 110.5642 12.2689 2.434098 111.8416 8.350416 0.1375682 113.315 9.987413 11.99925 138.4833 4.655234 3.139351 112.9483 12.92557 9.612441 138.7749 10.99547 6.855215 110.5642 16.04128 11.43848 137.6033 12.2689 2.434098 111.8416 15.02874 14.95386 136.5876 6.906677 -11.84193 87.31345 6.289967 7.291085 111.2482 11.28724 15.30043 137.1315</float_array>
                    <technique_common>
                        <accessor count="136" source="#ID113" stride="3">
                            <param name="X" type="float" />
                            <param name="Y" type="float" />
                            <param name="Z" type="float" />
                        </accessor>
                    </technique_common>
                </source>
                <source id="ID110">
